DETAILED TRIAL RESULTS - bayesian_tuning
==================================================
Objective: Minimize Averge Energy 

Trial  | Time(s)  | Avg Energy  | Perplexity  | Combined Loss | n_embed | block_size | heads | blocks | T   | LR       | Warmup | Dropout | Bias 
----------------------------------------------------------------------------------------------------------------------------------------------------------------
0      | 13.6     | 0.496611    | 1028.2899   | 3.716132    | 240     | 224        | 15    | 1      | 2   |3.67e-05 | 874    | 0.126   | False
1      | 7.1      | 0.244393    | 1021.2767   | 3.586601    | 384     | 240        | 4     | 1      | 1   |3.69e-05 | 82     | 0.343   | True 
2      | 235.9    | 0.749308    | 1048.1370   | 3.852039    | 336     | 112        | 21    | 10     | 3   |1.39e-05 | 1409   | 0.423   | True 
3      | 436.5    | 3460486373717.434082 | 908.1601    | 1730243186862.122803 | 400     | 480        | 25    | 5      | 12  |8.62e-03 | 972    | 0.067   | False
4      | 49.1     | 0.255165    | 1026.2431   | 3.594412    | 384     | 304        | 16    | 6      | 1   |3.50e-04 | 512    | 0.474   | False
5      | 68.8     | 0.249836    | 1028.7332   | 3.592960    | 432     | 352        | 12    | 7      | 1   |1.59e-05 | 404    | 0.024   | True 
6      | 280.3    | 31.830150   | 1024.1610   | 19.380890   | 432     | 64         | 27    | 7      | 4   |7.77e-04 | 615    | 0.030   | True 
7      | 14.9     | 72003031.883010 | 1022.4704   | 36001519.406494 | 80      | 448        | 2     | 2      | 3   |1.79e-03 | 133    | 0.268   | False
8      | 60.1     | 0.287997    | 1167.9512   | 3.675502    | 512     | 80         | 32    | 4      | 1   |1.97e-05 | 690    | 0.077   | True 
9      | 68.9     | 0.495680    | 1050.2294   | 3.726222    | 416     | 128        | 8     | 5      | 2   |1.48e-04 | 205    | 0.135   | False
10     | 248.0    | 0.947970    | 1029.1521   | 3.942230    | 224     | 192        | 4     | 11     | 7   |8.01e-05 | 53     | 0.347   | True 
11     | 81.8     | 59.817363   | 1028.1515   | 33.376440   | 480     | 352        | 8     | 8      | 1   |1.08e-05 | 73     | 0.234   | True 
12     | 56.0     | 0.249792    | 1020.0979   | 3.588723    | 288     | 384        | 8     | 9      | 1   |4.18e-05 | 333    | 0.244   | True 
13     | 52.9     | 0.249212    | 1027.1214   | 3.591864    | 288     | 400        | 6     | 9      | 1   |6.50e-05 | 249    | 0.275   | True 
14     | 74.4     | 0.336686    | 1028.9216   | 3.636476    | 160     | 224        | 2     | 12     | 2   |1.94e-04 | 99     | 0.354   | True 
15     | 18.5     | 0.247862    | 1026.9654   | 3.591112    | 320     | 288        | 8     | 3      | 1   |4.08e-05 | 147    | 0.191   | True 
16     | 79.8     | 0.211561    | 1026.8778   | 3.572919    | 240     | 512        | 24    | 9      | 1   |4.54e-04 | 311    | 0.353   | True 
17     | 12.0     | 0.335640    | 1022.7389   | 3.632940    | 160     | 512        | 16    | 1      | 2   |1.48e-03 | 1889   | 0.349   | True 
18     | 45.9     | 0.163684    | 1025.3113   | 3.548218    | 160     | 288        | 4     | 12     | 1   |5.93e-04 | 179    | 0.414   | True 
19     | 156.8    | 0.677674    | 1041.4376   | 3.813016    | 64      | 304        | 2     | 12     | 5   |5.40e-04 | 241    | 0.497   | True 
20     | 50.0     | 0.234050    | 1023.7743   | 3.582651    | 144     | 432        | 16    | 10     | 1   |4.32e-03 | 161    | 0.417   | False
21     | 50.7     | 0.233333    | 1024.1651   | 3.582483    | 144     | 464        | 16    | 10     | 1   |5.43e-03 | 174    | 0.425   | False
22     | 38.2     | 0.239973    | 1022.4184   | 3.584950    | 112     | 512        | 4     | 11     | 1   |2.45e-03 | 330    | 0.418   | False
23     | 93.5     | 0.471481    | 1022.1022   | 3.700549    | 208     | 464        | 16    | 9      | 2   |8.64e-04 | 199    | 0.450   | False
24     | 65.2     | 0.234457    | 1023.9219   | 3.582926    | 192     | 416        | 16    | 11     | 1   |4.63e-03 | 113    | 0.308   | False
25     | 44.0     | 0.248069    | 1022.0121   | 3.588799    | 112     | 352        | 7     | 10     | 1   |2.66e-04 | 407    | 0.392   | True 
26     | 70.2     | 310450801.512106 | 1031.4291   | 155225404.225403 | 256     | 512        | 8     | 8      | 2   |9.00e-03 | 261    | 0.380   | False
27     | 82.0     | 0.176875    | 1020.1482   | 3.552289    | 176     | 272        | 16    | 12     | 1   |4.78e-04 | 173    | 0.307   | True 
28     | 72.3     | 0.133606    | 1026.9775   | 3.533990    | 192     | 272        | 12    | 12     | 1   |5.97e-04 | 122    | 0.294   | True 
29     | 83.1     | 0.149213    | 1027.8749   | 3.542231    | 176     | 256        | 16    | 12     | 1   |9.31e-04 | 52     | 0.192   | True 
30     | 496.4    | 277543321088.285706 | 1004.2329   | 138771660547.598846 | 112     | 176        | 4     | 12     | 13  |1.36e-03 | 50     | 0.191   | True 
31     | 63.6     | 0.103140    | 1022.8740   | 3.516756    | 192     | 272        | 8     | 12     | 1   |6.91e-04 | 75     | 0.198   | True 
32     | 77.1     | 0.141935    | 1021.8247   | 3.535640    | 208     | 256        | 16    | 11     | 1   |8.80e-04 | 70     | 0.185   | True 
33     | 143.2    | 0.335883    | 1022.8912   | 3.633136    | 256     | 256        | 16    | 11     | 2   |9.04e-04 | 69     | 0.180   | True 
34     | 76.9     | 0.217326    | 1021.3873   | 3.573121    | 208     | 192        | 16    | 11     | 1   |2.56e-03 | 83     | 0.147   | True 
35     | 73.0     | 0.180538    | 1019.7673   | 3.553934    | 192     | 224        | 12    | 12     | 1   |2.73e-04 | 69     | 0.216   | True 
36     | 218.8    | 2.743621    | 1022.9269   | 4.837022    | 320     | 320        | 16    | 11     | 3   |1.18e-03 | 102    | 0.103   | True 
37     | 74.3     | 0.218832    | 1027.5593   | 3.576887    | 256     | 240        | 16    | 10     | 1   |1.40e-04 | 55     | 0.161   | True 
38     | 634.5    | 694769628055.153442 | 990.5249    | 347384814031.025818 | 288     | 160        | 16    | 12     | 9   |2.59e-03 | 87     | 0.218   | True 
39     | 77.5     | 0.141268    | 1021.8066   | 3.535298    | 224     | 256        | 16    | 11     | 1   |3.53e-04 | 61     | 0.105   | True 
40     | 142.2    | 0.238122    | 1028.4560   | 3.586968    | 368     | 336        | 23    | 8      | 2   |3.38e-04 | 125    | 0.110   | True 
41     | 77.6     | 0.109637    | 1024.3324   | 3.520717    | 208     | 256        | 16    | 11     | 1   |7.48e-04 | 61     | 0.281   | True 
42     | 70.2     | 0.094867    | 1028.1188   | 3.515176    | 224     | 256        | 16    | 10     | 1   |6.74e-04 | 63     | 0.290   | True 
43     | 64.8     | 0.094127    | 1024.0998   | 3.512848    | 240     | 192        | 12    | 10     | 1   |6.48e-04 | 61     | 0.306   | True 
44     | 64.1     | 0.110764    | 1023.2183   | 3.520736    | 240     | 208        | 12    | 10     | 1   |6.34e-04 | 93     | 0.311   | True 
45     | 76.5     | 0.200021    | 1025.7546   | 3.566602    | 272     | 144        | 16    | 10     | 1   |2.13e-04 | 93     | 0.265   | True 
46     | 39.0     | 0.196899    | 1019.5527   | 3.562009    | 240     | 208        | 16    | 6      | 1   |1.81e-03 | 79     | 0.327   | True 
47     | 141.2    | 0.263824    | 1021.8969   | 3.596620    | 320     | 208        | 32    | 7      | 2   |6.55e-04 | 60     | 0.283   | True 
48     | 64.6     | 0.122165    | 1029.4390   | 3.529467    | 224     | 112        | 16    | 9      | 1   |4.28e-04 | 64     | 0.245   | True 
49     | 163.1    | 0.451262    | 1026.2651   | 3.692472    | 288     | 160        | 18    | 8      | 3   |1.20e-04 | 104    | 0.316   | True 
50     | 76.2     | 0.203699    | 1020.8271   | 3.566034    | 272     | 224        | 16    | 10     | 1   |1.82e-03 | 78     | 0.227   | True 
51     | 63.7     | 0.115058    | 1018.2381   | 3.520443    | 224     | 96         | 16    | 9      | 1   |4.50e-04 | 62     | 0.255   | True 
52     | 65.6     | 0.159574    | 1023.2311   | 3.545147    | 240     | 64         | 16    | 9      | 1   |1.05e-03 | 58     | 0.258   | True 
53     | 70.5     | 0.108782    | 1024.0471   | 3.520150    | 224     | 96         | 16    | 10     | 1   |6.27e-04 | 92     | 0.332   | True 
54     | 63.7     | 0.142058    | 1028.2724   | 3.538847    | 208     | 96         | 16    | 9      | 1   |3.75e-04 | 76     | 0.333   | True 
55     | 44.6     | 0.245594    | 1026.2866   | 3.589648    | 128     | 128        | 8     | 10     | 1   |1.95e-04 | 1049   | 0.372   | True 
56     | 180.5    | 106991791.689245 | 1028.0571   | 53495899.312336 | 176     | 96         | 16    | 8      | 4   |1.21e-03 | 140    | 0.282   | True 
57     | 78.2     | 0.101950    | 1022.0727   | 3.515769    | 224     | 80         | 16    | 11     | 1   |7.33e-04 | 64     | 0.294   | True 
58     | 25.5     | 0.141853    | 1021.8480   | 3.535610    | 304     | 64         | 4     | 5      | 1   |2.67e-04 | 50     | 0.240   | True 
59     | 135.8    | 0.232838    | 1025.1497   | 3.582716    | 272     | 80         | 17    | 10     | 2   |4.78e-04 | 114    | 0.363   | True 
60     | 77.2     | 0.115177    | 1029.6283   | 3.526065    | 224     | 128        | 16    | 11     | 1   |7.52e-04 | 88     | 0.260   | True 
61     | 76.8     | 0.094882    | 1034.2528   | 3.518158    | 192     | 96         | 16    | 11     | 1   |6.89e-04 | 64     | 0.294   | True 
62     | 58.6     | 0.123521    | 1023.3751   | 3.527191    | 144     | 96         | 12    | 11     | 1   |5.26e-04 | 67     | 0.296   | True 
63     | 69.8     | 0.201195    | 1021.4073   | 3.565066    | 192     | 112        | 16    | 10     | 1   |1.66e-03 | 75     | 0.335   | True 
64     | 72.7     | 0.105032    | 1020.2815   | 3.516433    | 176     | 80         | 22    | 9      | 1   |7.35e-04 | 56     | 0.208   | True 
65     | 75.6     | 0.118407    | 1029.0228   | 3.527386    | 160     | 80         | 16    | 11     | 1   |7.80e-04 | 56     | 0.211   | True 
66     | 79.8     | 0.181023    | 1027.5997   | 3.558002    | 176     | 144        | 22    | 10     | 1   |1.08e-03 | 656    | 0.299   | True 
67     | 226.6    | 0.273704    | 1025.4695   | 3.603305    | 256     | 64         | 32    | 12     | 2   |6.78e-04 | 50     | 0.317   | True 
68     | 46.6     | 0.243605    | 1028.0425   | 3.589509    | 96      | 80         | 12    | 9      | 1   |2.44e-05 | 85     | 0.203   | True 
69     | 76.5     | 0.193321    | 1025.4288   | 3.563094    | 192     | 144        | 16    | 11     | 1   |1.54e-03 | 105    | 0.391   | True 
